chrom	position	status	selection	alleles	indiv1@pop1	indiv2@pop1	indiv3@pop1	indiv4@pop1	indiv5@pop1	indiv6@pop1	indiv7@pop1	indiv8@pop1	indiv9@pop1	indiv10@pop1	indiv1@pop2	indiv2@pop2	indiv3@pop2	indiv4@pop2	indiv5@pop2	indiv6@pop2	indiv7@pop2	indiv8@pop2	indiv9@pop2	indiv10@pop2
chr1	1	NS	N	"A,T"	11	12	12	21	22	11	12	12	21	22	11	11	11	11	11	11	11	11	11	11
chr1	2	NS	N	"A,T"	11	12	12	21	22	11	12	12	21	22	22	22	22	22	22	22	22	22	22	22
chr1	3	NS	N	"A,T"	11	12	12	21	22	11	12	12	21	22	11	12	12	21	22	11	12	12	21	22
chr1	4	NS	N	"A,T"	11	11	11	11	11	11	11	11	11	11	11	12	12	21	22	11	12	12	21	22
chr1	5	NS	N	"A,T"	22	22	22	22	22	22	22	22	22	22	11	12	12	21	22	11	12	12	21	22
chr1	6	NS	N	"A,T"	11	11	11	11	11	11	11	11	11	11	11	11	11	11	11	11	11	11	11	11
chr1	7	NS	N	"A,T"	11	11	11	11	11	11	11	11	11	11	22	22	22	22	22	22	22	22	22	22
chr1	8	NS	N	"A,T"	22	22	22	22	22	22	22	22	22	22	22	22	22	22	22	22	22	22	22	22
chr1	9	NS	N	"A,T"	22	22	22	22	22	22	22	22	22	22	11	11	11	11	11	11	11	11	11	11
chr1	10	NS	Y	"A,T"	22	11	11	12	21	11	11	12	21	11	22	12	11	22	22	21	22	22	22	22
chr2	1	NS	N	"A,T"	11	12	12	21	22	11	12	12	21	22	11	11	11	11	11	11	11	11	11	11
chr2	2	NS	N	"A,T"	11	12	12	21	22	11	12	12	21	22	22	22	22	22	22	22	22	22	22	22
chr2	3	NS	Y	"A,T"	11	12	12	21	22	11	12	12	21	22	11	12	12	21	22	11	12	12	21	22
chr2	4	NS	N	"A,T"	11	11	11	11	11	11	11	11	11	11	11	12	12	21	22	11	12	12	21	22
chr2	5	NS	N	"A,T"	22	22	22	22	22	22	22	22	22	22	11	12	12	21	22	11	12	12	21	22
chr2	6	NS	N	"A,T"	11	11	11	11	11	11	11	11	11	11	11	11	11	11	11	11	11	11	11	11
chr2	7	NS	N	"A,T"	11	11	11	11	11	11	11	11	11	11	22	22	22	22	22	22	22	22	22	22
chr2	8	NS	N	"A,T"	22	22	22	22	22	22	22	22	22	22	22	22	22	22	22	22	22	22	22	22
chr2	9	NS	N	"A,T"	22	22	22	22	22	22	22	22	22	22	11	11	11	11	11	11	11	11	11	11