ID	LSS:He	LSS:Dj	LSS:WCst	WSS:He	WSS:Dj	WSS:WCst	WSS:S	WSS:thetaW	WSS:D	WSS:Da	WSS:ZZ	GSS:He	GSS:Dj	GSS:WCst	GSS:He	GSS:Dj	GSS:WCst	GSS:S	GSS:thetaW	GSS:D	GSS:Da	GSS:ZZ
chr1:1	0.384615384615	0.321428571429	0.473684210526	0.384615384615	0.321428571429	0.473684210526	2	0.470196253263	1.20085060437	0.236842105263	NA	0.350607287449	0.359889666695	0.631250683882	0.350607287449	0.359889666695	0.631250683882	15	3.52647189947	2.8338002873	0.319612188366	NA
chr1:2	0.384615384615	0.321428571429	0.473684210526	0.42735042735	0.195767195767	0.298245614035	3	0.705294379894	1.78254198706	0.149122807018	NA	0.350607287449	0.359889666695	0.631250683882	0.350607287449	0.359889666695	0.631250683882	15	3.52647189947	2.8338002873	0.319612188366	NA
chr1:4	0.384615384615	0.321428571429	0.473684210526	0.25641025641	0.214285714286	0.473684210526	2	0.470196253263	1.20085060437	0.157894736842	NA	0.350607287449	0.359889666695	0.631250683882	0.350607287449	0.359889666695	0.631250683882	15	3.52647189947	2.8338002873	0.319612188366	NA
chr1:5	0.0	0.0	NA	0.299145299145	0.440476190476	0.824561403509	2	0.470196253263	1.71569152563	0.412280701754	NA	0.350607287449	0.359889666695	0.631250683882	0.350607287449	0.359889666695	0.631250683882	15	3.52647189947	2.8338002873	0.319612188366	NA
chr1:6	0.512820512821	1.0	1.0	0.17094017094	0.333333333333	1.0	1	0.235098126631	1.68661756642	0.333333333333	NA	0.350607287449	0.359889666695	0.631250683882	0.350607287449	0.359889666695	0.631250683882	15	3.52647189947	2.8338002873	0.319612188366	NA
chr1:7	0.0	0.0	NA	0.34188034188	0.666666666667	1.0	2	0.470196253263	2.23053244689	0.666666666667	NA	0.350607287449	0.359889666695	0.631250683882	0.350607287449	0.359889666695	0.631250683882	15	3.52647189947	2.8338002873	0.319612188366	NA
chr1:8	0.512820512821	1.0	1.0	0.340170940171	0.459195402299	0.759584145549	2	0.470196253263	2.20993881004	0.410175438596	NA	0.350607287449	0.359889666695	0.631250683882	0.350607287449	0.359889666695	0.631250683882	15	3.52647189947	2.8338002873	0.319612188366	NA
chr1:9	0.507692307692	0.377586206897	0.37181663837	0.510256410256	0.688793103448	0.759584145549	2	0.470196253263	2.20993881004	0.615263157895	NA	0.350607287449	0.359889666695	0.631250683882	0.350607287449	0.359889666695	0.631250683882	15	3.52647189947	2.8338002873	0.319612188366	NA
chr1:10	0.384615384615	0.321428571429	0.473684210526	0.384615384615	0.321428571429	0.473684210526	2	0.470196253263	1.20085060437	0.236842105263	NA	0.350607287449	0.359889666695	0.631250683882	0.350607287449	0.359889666695	0.631250683882	15	3.52647189947	2.8338002873	0.319612188366	NA
chr2:1	0.384615384615	0.321428571429	0.473684210526	0.42735042735	0.195767195767	0.298245614035	3	0.705294379894	1.78254198706	0.149122807018	NA	0.350607287449	0.359889666695	0.631250683882	0.350607287449	0.359889666695	0.631250683882	15	3.52647189947	2.8338002873	0.319612188366	NA
chr2:2	0.384615384615	0.321428571429	0.473684210526	0.42735042735	0.195767195767	0.298245614035	3	0.705294379894	1.78254198706	0.149122807018	NA	0.350607287449	0.359889666695	0.631250683882	0.350607287449	0.359889666695	0.631250683882	15	3.52647189947	2.8338002873	0.319612188366	NA
chr2:4	0.0	0.0	NA	0.299145299145	0.440476190476	0.824561403509	2	0.470196253263	1.71569152563	0.412280701754	NA	0.350607287449	0.359889666695	0.631250683882	0.350607287449	0.359889666695	0.631250683882	15	3.52647189947	2.8338002873	0.319612188366	NA
chr2:5	0.512820512821	1.0	1.0	0.17094017094	0.333333333333	1.0	1	0.235098126631	1.68661756642	0.333333333333	NA	0.350607287449	0.359889666695	0.631250683882	0.350607287449	0.359889666695	0.631250683882	15	3.52647189947	2.8338002873	0.319612188366	NA
chr2:6	0.0	0.0	NA	0.34188034188	0.666666666667	1.0	2	0.470196253263	2.23053244689	0.666666666667	NA	0.350607287449	0.359889666695	0.631250683882	0.350607287449	0.359889666695	0.631250683882	15	3.52647189947	2.8338002873	0.319612188366	NA
chr2:7	0.512820512821	1.0	1.0	0.25641025641	0.5	1.0	1	0.235098126631	1.68661756642	0.5	NA	0.350607287449	0.359889666695	0.631250683882	0.350607287449	0.359889666695	0.631250683882	15	3.52647189947	2.8338002873	0.319612188366	NA
chr2:8