ID	LSS:He	LSS:Dj	LSS:WCst	WSS:S	WSS:thetaW	WSS:D	WSS:Da	WSS:ZZ	GSS:He	GSS:Dj	GSS:WCst	GSS:He	GSS:Dj	GSS:WCst	GSS:S	GSS:thetaW	GSS:D	GSS:Da	GSS:ZZ
chr1:1	0.461954887218	0.636611446741	0.705689843621	1	0.152266571098	1.85655821275	0.503051005025	NA	0.136994047619	0.0337569376663	0.211504048002	0.136994047619	0.0337569376663	0.211504048002	144	21.9263862381	-0.29967352184	0.0323916980737	NA
chr1:1135	0.0488721804511	0.0023746701847	0.0452261306533	1	0.152266571098	-0.619841612081	0.00226130653266	NA	0.136994047619	0.0337569376663	0.211504048002	0.136994047619	0.0337569376663	0.211504048002	144	21.9263862381	-0.29967352184	0.0323916980737	NA
chr1:2404	0.0488721804511	0.0023746701847	0.0452261306533	1	0.152266571098	-0.619841612081	0.00226130653266	NA	0.136994047619	0.0337569376663	0.211504048002	0.136994047619	0.0337569376663	0.211504048002	144	21.9263862381	-0.29967352184	0.0323916980737	NA
chr1:3505	0.00997493734336	5.0756268399e-05	0.00502512562814	1	0.152266571098	-0.853027665239	5.02512562814e-05	NA	0.136994047619	0.0337569376663	0.211504048002	0.136994047619	0.0337569376663	0.211504048002	144	21.9263862381	-0.29967352184	0.0323916980737	NA
chr1:4828	0.501203007519	0.989899502589	0.989949748744	1	0.152266571098	2.09184774834	0.980050251256	NA	0.136994047619	0.0337569376663	0.211504048002	0.136994047619	0.0337569376663	0.211504048002	144	21.9263862381	-0.29967352184	0.0323916980737	NA
chr1:5272	0.501203007519	0.989899502589	0.989949748744	1	0.152266571098	2.09184774834	0.980050251256	NA	0.136994047619	0.0337569376663	0.211504048002	0.136994047619	0.0337569376663	0.211504048002	144	21.9263862381	-0.29967352184	0.0323916980737	NA
chr1:6720	0.0861654135338	0.00837805278721	0.0854271356784	1	0.152266571098	-0.396271478642	0.00768844221106	NA	0.136994047619	0.0337569376663	0.211504048002	0.136994047619	0.0337569376663	0.211504048002	144	21.9263862381	-0.29967352184	0.0323916980737	NA
chr1:6848	0.0861654135338	0.00837805278721	0.0854271356784	1	0.152266571098	-0.396271478642	0.00768844221106	NA	0.136994047619	0.0337569376663	0.211504048002	0.136994047619	0.0337569376663	0.211504048002	144	21.9263862381	-0.29967352184	0.0323916980737	NA
chr1:8453	0.005	-1.3947525435e-16	2.16840434497e-18	1	0.152266571098	-0.882852041238	5.29090660173e-17	NA	0.136994047619	0.0337569376663	0.211504048002	0.136994047619	0.0337569376663	0.211504048002	144	21.9263862381	-0.29967352184	0.0323916980737	NA
chr1:8567	0.00997493734336	5.0756268399e-05	0.00502512562814	1	0.152266571098	-0.853027665239	5.02512562814e-05	NA	0.136994047619	0.0337569376663	0.211504048002	0.136994047619	0.0337569376663	0.211504048002	144	21.9263862381	-0.29967352184	0.0323916980737	NA
chr1:9771	0.00997493734336	5.0756268399e-05	0.00502512562814	1	0.152266571098	-0.853027665239	5.02512562814e-05	NA	0.136994047619	0.0337569376663	0.211504048002	0.136994047619	0.0337569376663	0.211504048002	144	21.9263862381	-0.29967352184	0.0323916980737	NA
chr1:10439	0.0488721804511	0.0023746701847	0.0452261306533	1	0.152266571098	-0.619841612081	0.00226130653266	NA	0.136994047619	0.0337569376663	0.211504048002	0.136994047619	0.0337569376663	0.211504048002	144	21.9263862381	-0.29967352184	0.0323916980737	NA
chr1:10809	0.501203007519	0.989899502589	0.989949748744	1	0.152266571098	2.09184774834	0.980050251256	NA	0.136994047619	0.0337569376663	0.211504048002	0.136994047619	0.0337569376663	0.211504048002	144	21.9263862381	-0.29967352184	0.0323916980737	NA
chr1:11486	0.005	-1.3947525435e-16	2.16840434497e-18	1	0.152266571098	-0.882852041238	5.29090660173e-17	NA	0.136994047619	0.0337569376663	0.211504048002	0.136994047619	0.0337569376663	0.211504048002	144	21.9263862381	-0.29967352184	0.0323916980737	NA
chr1:11816	0.0149248120301	0.000153026090949	0.0100502512563	1	0.152266571098	-0.823353537984	0.000150753768844	NA	0.136994047619	0.0337569376663	0.211504048002	0.136994047619	0.0337569376663	0.211504048002	144	21.9263862381	-0.29967352184	0.0323916980737	NA
chr1:13145	0.00997493734336	5.0756268399e-05	0.00502512562814	1	0.152266571098	-0.853027665239	5.02512562814e-05	NA	0.136994047619	0.0337569376663	0.211504048002	0.136994047619	0.0337569376663	0.211504048002	144	21.9263862381	-0.29967352184	0.0323916980737	NA
chr1:15508	0.005	-1.3947525435e-16	2.16840434497e-18	1	0.152266571098	-0.882852041238	5.29090660173e-17	NA	0.136994047619	0.0337569376663	0.211504048002	0.136994047619	0.0337569376663	0.211504048002	144	21.9263862381	-0.29967352184	0.0323916980737	NA
chr1:19144	0.063045112782	0.00417458321068	0.0603015075377	3	0.456799713293	-1.22585980869	0.00130653266332	NA	0.136994047619	0.0337569376663	0.211504048002	0.136994047619	0.0337569376663	0.211504048002	144	21.9263862381	-0.29967352184	0.0323916980737	NA
chr1:19166	0.005	-1.3947525435e-16	2.16840434497e-18	3	0.456799713293	-1.22585980869	0.00130653266332	NA	0.136994047619	0.0337569376663	0.211504048002	0.136994047619	0.0337569376663	0.211504048002	144	21.9263862381	-0.29967352184	0.0323916980737	NA
chr1:19170	0.005	-1.3947525435e-16	2.16840434497e-18	3	0.456799713293	-1.22585980869	0.00130653266332	NA	0.136994047619	0.0337569376663	0.211504048002	0.136994047619	0.0337569376663	0.211504048002	144	21.9263862381	-0.29967352184	0.0323916980737	NA
chr1:19881	0.0247493734336	0.000515132002575	0.0201005025126	1	0.152266571098	-0.764456029713	0.000502512562814	NA	0.136994047619	0.0337569376663	0.211504048002	0.136994047619	0.0337569376663	0.211504048002	144	21.9263862381	-0.29967352184	0.0323916980737	NA
chr1:20212	0.501203007519	0.989899502589	0.989949748744	1	0.152266571098	2.09184774834	0.980050251256	NA	0.136994047619	0.0337569376663	0.211504048002	0.136994047619	0.0337569376663	0.211504048002	144	21.9263862381	-0.29967352184	0.0323916980737	NA
chr1:21893	0.00997493734336	5.0756268399e-05	0.00502512562814	1	0.152266571098	-0.853027665239	5.02512562814e-05	NA	0.136994047619	0.0337569376663	0.211504048002	0.136994047619	0.0337569376663	0.211504048002	144	21.9263862381	-0.29967352184	0.0323916980737	NA
chr1:22599	0.039298245614	0.00146351662137	0.035175879397	1	0.152266571098	-0.677236632897	0.00140703517588	NA	0.136994047619	0.0337569376663	0.211504048002	0.136994047619	0.0337569376663	0.211504048002	144	21.9263862381	-0.29967352184	0.0323916980737	NA
chr1:24272	0.00997493734336	5.0756268399e-05	0.00502512562814	1	0.152266571098	-0.853027665239	5.02512562814e-05	NA	0.136994047619	0.0337569376663	0.211504048002	0.136994047619	0.0337569376663	0.211504048002	144	21.9263862381	-0.29967352184	0.0323916980737	NA
chr1:24592	0.076992481203	0.000559244543624	0.0066839049617	1	0.152266571098	-0.451262519528	0.000516331658292	NA	0.136994047619	0.0337569376663	0.211504048002	0.136994047619	0.0337569376663	0.211504048002	144	21.9263862381	-0.29967352184	0.0323916980737	NA
chr1:25312	0.00997493734336	5.0756268399e-05	0.00502512562814	1	0.152266571098	-0.853027665239	5.02512562814e-05	NA	0.136994047619	0.0337569376663	0.211504048002	0.136994047619	0.0337569376663	0.211504048002	144	21.9263862381	-0.29967352184	0.0323916980737	NA
chr1:25604	0.0149248120301	0.000153026090949	0.0100502512563	1	0.152266571098	-0.823353537984	0.000150753768844	NA	0.136994047619	0.0337569376663	0.211504048002	0.136994047619	0.0337569376663	0.211504048002	144	21.9263862381	-0.29967352184	0.0323916980737	NA
chr1:27249	0.005	-1.3947525435e-16	2.16840434497e-18	1	0.152266571098	-0.882852041238	5.29090660173e-17	NA	0.136994047619	0.0337569376663	0.211504048002	0.136994047619	0.0337569376663	0.211504048002	144	21.9263862381	-0.29967352184	0.0323916980737	NA
chr1:27792	0.00997493734336	5.0756268399e-05	0.00502512562814	1	0.152266571098	-0.853027665239	5.02512562814e-05	NA	0.136994047619	0.0337569376663	0.211504048002	0.136994047619	0.0337569376663	0.211504048002	144	21.9263862381	-0.29967352184	0.0323916980737	NA
chr1:29554	0.0149248120301	0.000153026090949	0.0100502512563	1	0.152266571098	-0.823353537984	0.000150753768844	NA	0.136994047619	0.0337569376663	0.211504048002	0.136994047619	0.0337569376663	0.211504048002	144	21.9263862381	-0.29967352184	0.0323916980737	NA
chr1:30706	0.184448621554	0.0492773654638	0.201005025126	1	0.152266571098	0.192928977193	0.0412060301508	NA	0.136994047619	0.0337569376663	0.211504048002	0.136994047619	0.0337569376663	0.211504048002	144	21.9263862381	-0.29967352184	0.0323916980737	NA
chr1:30858	0.005	-1.3947525435e-16	2.16840434497e-18	1	0.152266571098	-0.882852041238	5.29090660173e-17	NA	0.136994047619	0.0337569376663	0.211504048002	0.136994047619	0.0337569376663	0.211504048002	144	21.9263862381	-0.29967352184	0.0323916980737	NA
chr1:31728	0.200187969925	0.0551192839906	0.203490522631	1	0.152266571098	0.287285189424	0.0453376884422	NA	0.136994047619	0.0337569376663	0.211504048002	0.136994047619	0.0337569376663	0.211504048002	144	21.9263862381	-0.29967352184	0.0323916980737	NA
chr1:32202	0.155939849624	0.0328492797751	0.165829145729	1	0.152266571098	0.0220210290832	0.0281909547739	NA	0.136994047619	0.0337569376663	0.211504048002	0.136994047619	0.0337569376663	0.211504048002	144	21.9263862381	-0.29967352184	0.0323916980737	NA
chr1:34552	0.005	-1.3947525435e-16	2.16840434497e-18	2	0.304533142195	-1.17730462458	2.51256281407e-05	NA	0.136994047619	0.0337569376663	0.211504048002	0.136994047619	0.0337569376663	0.211504048002	144	21.9263862381	-0.29967352184	0.0323916980737	NA
chr1:34580	0.00997493734336	5.0756268399e-05	0.00502512562814	2	0.304533142195	-1.17730462458	2.51256281407e-05	NA	0.136994047619	0.0337569376663	0.211504048002	0.136994047619	0.0337569376663	0.211504048002	144	21.9263862381	-0.29967352184	0.0323916980737	NA
chr1:35182	0.005	-1.3947525435e-16	2.16840434497e-18	1	0.152266571098	-0.882852041238	5.29090660173e-17	NA	0.136994047619	0.0337569376663	0.211504048002	0.136994047619	0.0337569376663	0.211504048002	144	21.9263862381	-0.29967352184	0.0323916980737	NA
chr1:35745	0.00997493734336	5.0756268399e-05	0.00502512562814	1	0.152266571098	-0.853027665239	5.02512562814e-05	NA	0.136994047619	0.0337569376663	0.211504048002	0.136994047619	0.0337569376663	0.211504048002	144	21.9263862381	-0.29967352184	0.0323916980737	NA
chr1:36440	0.005	-1.3947525435e-16	2.16840434497e-18	1	0.152266571098	-0.882852041238	5.29090660173e-17	NA	0.136994047619	0.0337569376663	0.211504048002	0.136994047619	0.0337569376663	0.211504048002	144	21.9263862381	-0.29967352184	0.0323916980737	NA
chr1:36718	0.0861654135338	0.00837805278721	0.0854271356784	1	0.152266571098	-0.396271478642	0.00768844221106	NA	0.136994047619	0.0337569376663	0.211504048002	0.136994047619	0.0337569376663	0.211504048002	144	21.9263862381	-0.29967352184	0.0323916980737	NA
chr1:37004	0.200187969925	0.0551192839906	0.203490522631	1	0.152266571098	0.287285189424	0.0453376884422	NA	0.136994047619	0.0337569376663	0.211504048002	0.136994047619	0.0337569376663	0.211504048002	144	21.9263862381	-0.29967352184	0.0323916980737	NA
chr1:37565	0.005	-1.3947525435e-16	2.16840434497e-18	1	0.152266571098	-0.882852041238	5.29090660173e-17	NA	0.136994047619	0.0337569376663	0.211504048002	0.136994047619	0.0337569376663	0.211504048002	144	21.9263862381	-0.29967352184	0.0323916980737	NA
chr1:38268	0.00997493734336	5.0756268399e-05	0.00502512562814	1	0.152266571098	-0.853027665239	5.02512562814e-05	NA	0.136994047619	0.0337569376663	0.211504048002	0.136994047619	0.0337569376663	0.211504048002	144	21.9263862381	-0.29967352184	0.0323916980737	NA
chr1:38972	0.039298245614	0.00146351662137	0.035175879397	1	0.152266571098	-0.677236632897	0.00140703517588	NA	0.136994047619	0.0337569376663	0.211504048002	0.136994047619	0.0337569376663	0.211504048002	144	21.9263862381	-0.29967352184	0.0323916980737	NA
chr1:39189	0.039298245614	0.00146351662137	0.035175879397	1	0.152266571098	-0.677236632897	0.00140703517588	NA	0.136994047619	0.0337569376663	0.211504048002	0.136994047619	0.0337569376663	0.211504048002	144	21.9263862381	-0.29967352184	0.0323916980737	NA
chr1:44075	0.0149248120301	0.000153026090949	0.0100502512563	1	0.152266571098	-0.823353537984	0.000150753768844	NA	0.136994047619	0.0337569376663	0.211504048002	0.136994047619	0.0337569376663	0.211504048002	144	21.9263862381	-0.29967352184	0.0323916980737	NA
chr1:48663	0.00997493734336	5.0756268399e-05	0.00502512562814	1	0.152266571098	-0.853027665239	5.02512562814e-05	NA	0.136994047619	0.0337569376663	0.211504048002	0.136994047619	0.0337569376663	0.211504048002	144	21.9263862381	-0.29967352184	0.0323916980737	NA
chr1:49612	0.0344736842105	0.00109235610809	0.0301507537688	1	0.152266571098	-0.706159516423	0.00105527638191	NA	0.136994047619	0.0337569376663	0.211504048002	0.136994047619	0.0337569376663	0.211504048002	144	21.9263862381	-0.29967352184	0.0323916980737	NA
chr2:426	0.438082706767	-0.00172387558738	-0.00221169834548	1	0.152266571098	1.71344628257	-0.00096783919598	NA	0.136994047619	0.0337569376663	0.211504048002	0.136994047619	0.0337569376663	0.211504048002	144	21.9263862381	-0.29967352184	0.0323916980737	NA
chr2:792	0.0677192982456	-0.000256603773585	-0.00353840206952	1	0.152266571098	-0.506854555397	-0.000239195979899	NA	0.136994047619	0.0337569376663	0.211504048002	0.136994047619	0.0337569376663	0.211504048002	144	21.9263862381	-0.29967352184	0.0323916980737	NA
chr2:1045	0.0198496240602	0.000307566126717	0.0150753768844	1	0.152266571098	-0.793829659476	0.000301507537688	NA	0.136994047619	0.0337569376663	0.211504048002	0.136994047619	0.0337569376663	0.211504048002	144	21.9263862381	-0.29967352184	0.0323916980737	NA
chr2:2072	0.005	-1.3947525435e-16	2.16840434497e-18	1	0.152266571098	-0.882852041238	5.29090660173e-17	NA	0.136994047619	0.0337569376663	0.211504048002	0.136994047619	0.0337569376663	0.211504048002	144	21.9263862381	-0.29967352184	0.0323916980737	NA
chr2:3705	0.005	-1.3947525435e-16	2.16840434497e-18	1	0.152266571098	-0.882852041238	5.29090660173e-17	NA	0.136994047619	0.0337569376663	0.211504048002	0.136994047619	0.0337569376663	0.211504048002	144	21.9263862381	-0.29967352184	0.0323916980737	NA
chr2:3932	0.00997493734336	5.0756268399e-05	0.00502512562814	1	0.152266571098	-0.853027665239	5.02512562814e-05	NA	0.136994047619	0.0337569376663	0.211504048002	0.136994047619	0.0337569376663	0.211504048002	144	21.9263862381	-0.29967352184	0.0323916980737	NA
chr2:4135	0.489210526316	-0.00239940901256	-0.00250536349369	1	0.152266571098	2.01995372358	-0.00122412060301	NA	0.136994047619	0.0337569376663	0.211504048002	0.136994047619	0.0337569376663	0.211504048002	144	21.9263862381	-0.29967352184	0.0323916980737	NA
chr2:4539	0.0677192982456	-0.000256603773585	-0.00353840206952	1	0.152266571098	-0.506854555397	-0.000239195979899	NA	0.136994047619	0.0337569376663	0.211504048002	0.136994047619	0.0337569376663	0.211504048002	144	21.9263862381	-0.29967352184	0.0323916980737	NA
chr2:4684	0.0815914786967	-0.000199731866809	-0.00225051638561	1	0.152266571098	-0.423691874712	-0.000183417085427	NA	0.136994047619	0.0337569376663	0.211504048002	0.136994047619	0.0337569376663	0.211504048002	144	21.9263862381	-0.29967352184	0.0323916980737	NA
chr2:6195	0.00997493734336	-5.0505050505e-05	-0.00502512562814	2	0.304533142195	-1.17730462458	-2.49999999999e-05	NA	0.136994047619	0.0337569376663	0.211504048002	0.136994047619	0.0337569376663	0.211504048002	144	21.9263862381	-0.29967352184	0.0323916980737	NA
chr2:6202	0.005	-1.3947525435e-16	2.16840434497e-18	2	0.304533142195	-1.17730462458	-2.49999999999e-05	NA	0.136994047619	0.0337569376663	0.211504048002	0.136994047619	0.0337569376663	0.211504048002	144	21.9263862381	-0.29967352184	0.0323916980737	NA
chr2:7547	0.34962406015	-0.00130817999072	-0.0024348546858	1	0.152266571098	1.18314333501	-0.000850251256281	NA	0.136994047619	0.0337569376663	0.211504048002	0.136994047619	0.0337569376663	0.211504048002	144	21.9263862381	-0.29967352184	0.0323916980737	NA
chr2:8361	0.143345864662	0.00758743608473	0.044506296832	1	0.152266571098	-0.0534789655763	0.00652462311558	NA	0.136994047619	0.0337569376663	0.211504048002	0.136994047619	0.0337569376663	0.211504048002	144	21.9263862381	-0.29967352184	0.0323916980737	NA
chr2:8726	0.0677192982456	-0.000256603773585	-0.00353840206952	1	0.152266571098	-0.506854555397	-0.000239195979899	NA	0.136994047619	0.0337569376663	0.211504048002	0.136994047619	0.0337569376663	0.211504048002	144	21.9263862381	-0.29967352184	0.0323916980737	NA
chr2:10268	0.380902255639	-0.00308877327047	-0.00502512562814	2	0.304533142195	0.58584405687	-0.00107424623116	NA	0.136994047619	0.0337569376663	0.211504048002	0.136994047619	0.0337569376663	0.211504048002	144	21.9263862381	-0.29967352184	0.0323916980737	NA
chr2:10334	0.0677192982456	-0.000256603773585	-0.00353840206952	3	0.456799713293	0.0685064563298	-0.000732244556114	NA	0.136994047619	0.0337569376663	0.211504048002	0.136994047619	0.0337569376663	0.211504048002	144	21.9263862381	-0.29967352184	0.0323916980737	NA
chr2:10388	0.0296240601504	-4.97151734854e-05	-0.00162977047399	2	0.304533142195	-0.842405728952	-0.000143718592965	NA	0.136994047619	0.0337569376663	0.211504048002	0.136994047619	0.0337569376663	0.211504048002	144	21.9263862381	-0.29967352184	0.0323916980737	NA
chr2:10505	0.0296240601504	-4.97151734854e-05	-0.00162977047399	2	0.304533142195	0.871320781683	-0.000636180904523	NA	0.136994047619	0.0337569376663	0.211504048002	0.136994047619	0.0337569376663	0.211504048002	144	21.9263862381	-0.29967352184	0.0323916980737	NA
chr2:10570	0.489210526316	-0.00239940901256	-0.00250536349369	2	0.304533142195	0.871320781683	-0.000636180904523	NA	0.136994047619	0.0337569376663	0.211504048002	0.136994047619	0.0337569376663	0.211504048002	144	21.9263862381	-0.29967352184	0.0323916980737	NA
chr2:10807	0.0677192982456	-0.000256603773585	-0.00353840206952	1	0.152266571098	-0.506854555397	-0.000239195979899	NA	0.136994047619	0.0337569376663	0.211504048002	0.136994047619	0.0337569376663	0.211504048002	144	21.9263862381	-0.29967352184	0.0323916980737	NA
chr2:11742	0.005	-1.3947525435e-16	2.16840434497e-18	1	0.152266571098	-0.882852041238	5.29090660173e-17	NA	0.136994047619	0.0337569376663	0.211504048002	0.136994047619	0.0337569376663	0.211504048002	144	21.9263862381	-0.29967352184	0.0323916980737	NA
chr2:12370	0.005	-1.3947525435e-16	2.16840434497e-18	1	0.152266571098	-0.882852041238	5.29090660173e-17	NA	0.136994047619	0.0337569376663	0.211504048002	0.136994047619	0.0337569376663	0.211504048002	144	21.9263862381	-0.29967352184	0.0323916980737	NA
chr2:13592	0.005	-1.3947525435e-16	2.16840434497e-18	1	0.152266571098	-0.882852041238	5.29090660173e-17	NA	0.136994047619	0.0337569376663	0.211504048002	0.136994047619	0.0337569376663	0.211504048002	144	21.9263862381	-0.29967352184	0.0323916980737	NA
chr2:15170	0.489210526316	-0.00239940901256	-0.00250536349369	2	0.304533142195	0.771202672766	-0.000612060301507	NA	0.136994047619	0.0337569376663	0.211504048002	0.136994047619	0.0337569376663	0.211504048002	144	21.9263862381	-0.29967352184	0.0323916980737	NA
chr2:15247	0.005	-1.3947525435e-16	2.16840434497e-18	2	0.304533142195	0.771202672766	-0.000612060301507	NA	0.136994047619	0.0337569376663	0.211504048002	0.136994047619	0.0337569376663	0.211504048002	144	21.9263862381	-0.29967352184	0.0323916980737	NA
chr2:15441	0.34962406015	-0.00130817999072	-0.0024348546858	1	0.152266571098	1.18314333501	-0.000850251256281	NA	0.136994047619	0.0337569376663	0.211504048002	0.136994047619	0.0337569376663	0.211504048002	144	21.9263862381	-0.29967352184	0.0323916980737	NA
chr2:15749	0.0677192982456	-0.000256603773585	-0.00353840206952	1	0.152266571098	-0.506854555397	-0.000239195979899	NA	0.136994047619	0.0337569376663	0.211504048002	0.136994047619	0.0337569376663	0.211504048002	144	21.9263862381	-0.29967352184	0.0323916980737	NA
chr2:15971	0.005	-1.3947525435e-16	2.16840434497e-18	1	0.152266571098	-0.882852041238	5.29090660173e-17	NA	0.136994047619	0.0337569376663	0.211504048002	0.136994047619	0.0337569376663	0.211504048002	144	21.9263862381	-0.29967352184	0.0323916980737	NA
chr2:16329	0.0677192982456	-0.000256603773585	-0.00353840206952	1	0.152266571098	-0.506854555397	-0.000239195979899	NA	0.136994047619	0.0337569376663	0.211504048002	0.136994047619	0.0337569376663	0.211504048002	144	21.9263862381	-0.29967352184	0.0323916980737	NA
chr2:16722	0.0536215538847	0.000377989541582	0.00665035213241	1	0.152266571098	-0.591369474792	0.000357788944724	NA	0.136994047619	0.0337569376663	0.211504048002	0.136994047619	0.0337569376663	0.211504048002	144	21.9263862381	-0.29967352184	0.0323916980737	NA
chr2:16878	0.0677192982456	-0.000256603773585	-0.00353840206952	1	0.152266571098	-0.506854555397	-0.000239195979899	NA	0.136994047619	0.0337569376663	0.211504048002	0.136994047619	0.0337569376663	0.211504048002	144	21.9263862381	-0.29967352184	0.0323916980737	NA
chr2:18645	0.0677192982456	-0.000256603773585	-0.00353840206952	2	0.304533142195	1.02621088403	-0.000731658291457	NA	0.136994047619	0.0337569376663	0.211504048002	0.136994047619	0.0337569376663	0.211504048002	144	21.9263862381	-0.29967352184	0.0323916980737	NA
chr2:18655	0.489210526316	-0.00239940901256	-0.00250536349369	2	0.304533142195	1.02621088403	-0.000731658291457	NA	0.136994047619	0.0337569376663	0.211504048002	0.136994047619	0.0337569376663	0.211504048002	144	21.9263862381	-0.29967352184	0.0323916980737	NA
chr2:18956	0.00997493734336	-5.0505050505e-05	-0.00502512562814	1	0.152266571098	-0.853027665239	-4.99999999999e-05	NA	0.136994047619	0.0337569376663	0.211504048002	0.136994047619	0.0337569376663	0.211504048002	144	21.9263862381	-0.29967352184	0.0323916980737	NA
chr2:19342	0.005	-1.3947525435e-16	2.16840434497e-18	1	0.152266571098	-0.882852041238	5.29090660173e-17	NA	0.136994047619	0.0337569376663	0.211504048002	0.136994047619	0.0337569376663	0.211504048002	144	21.9263862381	-0.29967352184	0.0323916980737	NA
chr2:20353	0.039298245614	0.000212343096234	0.00517817513966	1	0.152266571098	-0.677236632897	0.000204020100502	NA	0.136994047619	0.0337569376663	0.211504048002	0.136994047619	0.0337569376663	0.211504048002	144	21.9263862381	-0.29967352184	0.0323916980737	NA
chr2:21153	0.00997493734336	5.0756268399e-05	0.00502512562814	1	0.152266571098	-0.853027665239	5.02512562814e-05	NA	0.136994047619	0.0337569376663	0.211504048002	0.136994047619	0.0337569376663	0.211504048002	144	21.9263862381	-0.29967352184	0.0323916980737	NA
chr2:21340	0.482192982456	-0.00424118648189	-0.00455509724887	1	0.152266571098	1.97788407481	-0.00219145728643	NA	0.136994047619	0.0337569376663	0.211504048002	0.136994047619	0.0337569376663	0.211504048002	144	21.9263862381	-0.29967352184	0.0323916980737	NA
chr2:22019	0.126203007519	0.0057132207472	0.0389007976948	2	0.304533142195	-0.624438670457	0.00275452261307	NA	0.136994047619	0.0337569376663	0.211504048002	0.136994047619	0.0337569376663	0.211504048002	144	21.9263862381	-0.29967352184	0.0323916980737	NA
chr2:22042	0.0247493734336	0.000515132002575	0.0201005025126	2	0.304533142195	-0.624438670457	0.00275452261307	NA	0.136994047619	0.0337569376663	0.211504048002	0.136994047619	0.0337569376663	0.211504048002	144	21.9263862381	-0.29967352184	0.0323916980737	NA
chr2:22296	0.0815914786967	0.00415790766879	0.0458279421057	1	0.152266571098	-0.423691874712	0.00382663316583	NA	0.136994047619	0.0337569376663	0.211504048002	0.136994047619	0.0337569376663	0.211504048002	144	21.9263862381	-0.29967352184	0.0323916980737	NA
chr2:22657	0.489210526316	-0.00239940901256	-0.00250536349369	1	0.152266571098	2.01995372358	-0.00122412060301	NA	0.136994047619	0.0337569376663	0.211504048002	0.136994047619	0.0337569376663	0.211504048002	144	21.9263862381	-0.29967352184	0.0323916980737	NA
chr2:23175	0.192368421053	0.000326604248966	0.00137048880767	1	0.152266571098	0.2404075808	0.000263819095477	NA	0.136994047619	0.0337569376663	0.211504048002	0.136994047619	0.0337569376663	0.211504048002	144	21.9263862381	-0.29967352184	0.0323916980737	NA
chr2:23421	0.0815914786967	0.00415790766879	0.0458279421057	2	0.304533142195	-0.556113793074	0.00189786432161	NA	0.136994047619	0.0337569376663	0.211504048002	0.136994047619	0.0337569376663	0.211504048002	144	21.9263862381	-0.29967352184	0.0323916980737	NA
chr2:23423	0.0861654135338	-3.38190816607e-05	-0.000358729223599	2	0.304533142195	-0.556113793074	0.00189786432161	NA	0.136994047619	0.0337569376663	0.211504048002	0.136994047619	0.0337569376663	0.211504048002	144	21.9263862381	-0.29967352184	0.0323916980737	NA
chr2:23792	0.489210526316	-0.00239940901256	-0.00250536349369	1	0.152266571098	2.01995372358	-0.00122412060301	NA	0.136994047619	0.0337569376663	0.211504048002	0.136994047619	0.0337569376663	0.211504048002	144	21.9263862381	-0.29967352184	0.0323916980737	NA
chr2:24322	0.472380952381	-0.00278159275155	-0.00310734207452	1	0.152266571098	1.91906169091	-0.00146557788945	NA	0.136994047619	0.0337569376663	0.211504048002	0.136994047619	0.0337569376663	0.211504048002	144	21.9263862381	-0.29967352184	0.0323916980737	NA
chr2:24543	0.0815914786967	0.00415790766879	0.0458279421057	1	0.152266571098	-0.423691874712	0.00382663316583	NA	0.136994047619	0.0337569376663	0.211504048002	0.136994047619	0.0337569376663	0.211504048002	144	21.9263862381	-0.29967352184	0.0323916980737	NA
chr2:25120	0.00997493734336	5.0756268399e-05	0.00502512562814	1	0.152266571098	-0.853027665239	5.02512562814e-05	NA	0.136994047619	0.0337569376663	0.211504048002	0.136994047619	0.0337569376663	0.211504048002	144	21.9263862381	-0.29967352184	0.0323916980737	NA
chr2:25605	0.489210526316	-0.00239940901256	-0.00250536349369	2	0.304533142195	0.791430097316	-0.000586934673367	NA	0.136994047619	0.0337569376663	0.211504048002	0.136994047619	0.0337569376663	0.211504048002	144	21.9263862381	-0.29967352184	0.0323916980737	NA
chr2:25660	0.00997493734336	5.0756268399e-05	0.00502512562814	2	0.304533142195	0.791430097316	-0.000586934673367	NA	0.136994047619	0.0337569376663	0.211504048002	0.136994047619	0.0337569376663	0.211504048002	144	21.9263862381	-0.29967352184	0.0323916980737	NA
chr2:26009	0.0815914786967	0.00023689033564	0.00266325507587	1	0.152266571098	-0.423691874712	0.000217587939698	NA	0.136994047619	0.0337569376663	0.211504048002	0.136994047619	0.0337569376663	0.211504048002	144	21.9263862381	-0.29967352184	0.0323916980737	NA
chr2:27585	0.0815914786967	0.00415790766879	0.0458279421057	1	0.152266571098	-0.423691874712	0.00382663316583	NA	0.136994047619	0.0337569376663	0.211504048002	0.136994047619	0.0337569376663	0.211504048002	144	21.9263862381	-0.29967352184	0.0323916980737	NA
chr2:30664	0.472380952381	-0.00278159275155	-0.00310734207452	2	0.304533142195	0.919672987973	-0.000828894472362	NA	0.136994047619	0.0337569376663	0.211504048002	0.136994047619	0.0337569376663	0.211504048002	144	21.9263862381	-0.29967352184	0.0323916980737	NA
chr2:30748	0.0583458646617	-0.000204141538133	-0.0032997606056	2	0.304533142195	0.919672987973	-0.000828894472362	NA	0.136994047619	0.0337569376663	0.211504048002	0.136994047619	0.0337569376663	0.211504048002	144	21.9263862381	-0.29967352184	0.0323916980737	NA
chr2:31384	0.472380952381	-0.00278159275155	-0.00310734207452	1	0.152266571098	1.91906169091	-0.00146557788945	NA	0.136994047619	0.0337569376663	0.211504048002	0.136994047619	0.0337569376663	0.211504048002	144	21.9263862381	-0.29967352184	0.0323916980737	NA
chr2:31494	0.489210526316	-0.00239940901256	-0.00250536349369	1	0.152266571098	2.01995372358	-0.00122412060301	NA	0.136994047619	0.0337569376663	0.211504048002	0.136994047619	0.0337569376663	0.211504048002	144	21.9263862381	-0.29967352184	0.0323916980737	NA
chr2:31605	0.0198496240602	0.000307566126717	0.0150753768844	1	0.152266571098	-0.793829659476	0.000301507537688	NA	0.136994047619	0.0337569376663	0.211504048002	0.136994047619	0.0337569376663	0.211504048002	144	21.9263862381	-0.29967352184	0.0323916980737	NA
chr2:31806	0.341240601504	0.00836340157241	0.0160833235947	1	0.152266571098	1.13288512961	0.00553266331658	NA	0.136994047619	0.0337569376663	0.211504048002	0.136994047619	0.0337569376663	0.211504048002	144	21.9263862381	-0.29967352184	0.0323916980737	NA
chr2:31969	0.472380952381	-0.00278159275155	-0.00310734207452	1	0.152266571098	1.91906169091	-0.00146557788945	NA	0.136994047619	0.0337569376663	0.211504048002	0.136994047619	0.0337569376663	0.211504048002	144	21.9263862381	-0.29967352184	0.0323916980737	NA
chr2:32123	0.005	-1.3947525435e-16	2.16840434497e-18	1	0.152266571098	-0.882852041238	5.29090660173e-17	NA	0.136994047619	0.0337569376663	0.211504048002	0.136994047619	0.0337569376663	0.211504048002	144	21.9263862381	-0.29967352184	0.0323916980737	NA
chr2:32686	0.472380952381	-0.00278159275155	-0.00310734207452	3	0.456799713293	3.0677054061	-0.00146557788945	NA	0.136994047619	0.0337569376663	0.211504048002	0.136994047619	0.0337569376663	0.211504048002	144	21.9263862381	-0.29967352184	0.0323916980737	NA
chr2:32753	0.472380952381	-0.00278159275155	-0.00310734207452	3	0.456799713293	3.0677054061	-0.00146557788945	NA	0.136994047619	0.0337569376663	0.211504048002	0.136994047619	0.0337569376663	0.211504048002	144	21.9263862381	-0.29967352184	0.0323916980737	NA
chr2:32756	0.472380952381	-0.00278159275155	-0.00310734207452	3	0.456799713293	3.0677054061	-0.00146557788945	NA	0.136994047619	0.0337569376663	0.211504048002	0.136994047619	0.0337569376663	0.211504048002	144	21.9263862381	-0.29967352184	0.0323916980737	NA
chr2:32946	0.472380952381	-0.00278159275155	-0.00310734207452	1	0.152266571098	1.91906169091	-0.00146557788945	NA	0.136994047619	0.0337569376663	0.211504048002	0.136994047619	0.0337569376663	0.211504048002	144	21.9263862381	-0.29967352184	0.0323916980737	NA
chr2:33064	0.005	-1.3947525435e-16	2.16840434497e-18	1	0.152266571098	-0.882852041238	5.29090660173e-17	NA	0.136994047619	0.0337569376663	0.211504048002	0.136994047619	0.0337569376663	0.211504048002	144	21.9263862381	-0.29967352184	0.0323916980737	NA
chr2:34014	0.00997493734336	5.0756268399e-05	0.00502512562814	1	0.152266571098	-0.853027665239	5.02512562814e-05	NA	0.136994047619	0.0337569376663	0.211504048002	0.136994047619	0.0337569376663	0.211504048002	144	21.9263862381	-0.29967352184	0.0323916980737	NA
chr2:35503	0.219298245614	0.00895296680764	0.0315130409679	1	0.152266571098	0.401849857937	0.00702110552764	NA	0.136994047619	0.0337569376663	0.211504048002	0.136994047619	0.0337569376663	0.211504048002	144	21.9263862381	-0.29967352184	0.0323916980737	NA
chr2:35894	0.0247493734336	0.000515132002575	0.0201005025126	1	0.152266571098	-0.764456029713	0.000502512562814	NA	0.136994047619	0.0337569376663	0.211504048002	0.136994047619	0.0337569376663	0.211504048002	144	21.9263862381	-0.29967352184	0.0323916980737	NA
chr2:36314	0.143345864662	0.00758743608473	0.044506296832	1	0.152266571098	-0.0534789655763	0.00652462311558	NA	0.136994047619	0.0337569376663	0.211504048002	0.136994047619	0.0337569376663	0.211504048002	144	21.9263862381	-0.29967352184	0.0323916980737	NA
chr2:36719	0.438082706767	-0.00172387558738	-0.00221169834548	1	0.152266571098	1.71344628257	-0.00096783919598	NA	0.136994047619	0.0337569376663	0.211504048002	0.136994047619	0.0337569376663	0.211504048002	144	21.9263862381	-0.29967352184	0.0323916980737	NA
chr2:37041	0.0815914786967	0.00415790766879	0.0458279421057	1	0.152266571098	-0.423691874712	0.00382663316583	NA	0.136994047619	0.0337569376663	0.211504048002	0.136994047619	0.0337569376663	0.211504048002	144	21.9263862381	-0.29967352184	0.0323916980737	NA
chr2:37194	0.00997493734336	5.0756268399e-05	0.00502512562814	1	0.152266571098	-0.853027665239	5.02512562814e-05	NA	0.136994047619	0.0337569376663	0.211504048002	0.136994047619	0.0337569376663	0.211504048002	144	21.9263862381	-0.29967352184	0.0323916980737	NA
chr2:39229	0.0815914786967	0.00023689033564	0.00266325507587	2	0.304533142195	-0.886121422311	0.000108793969849	NA	0.136994047619	0.0337569376663	0.211504048002	0.136994047619	0.0337569376663	0.211504048002	144	21.9263862381	-0.29967352184	0.0323916980737	NA
chr2:39277	0.005	-1.3947525435e-16	2.16840434497e-18	3	0.456799713293	-0.793336923475	0.00107194304858	NA	0.136994047619	0.0337569376663	0.211504048002	0.136994047619	0.0337569376663	0.211504048002	144	21.9263862381	-0.29967352184	0.0323916980737	NA
chr2:39370	0.121854636591	0.00340845472722	0.0243067791328	2	0.304533142195	-0.722416850327	0.00149912060302	NA	0.136994047619	0.0337569376663	0.211504048002	0.136994047619	0.0337569376663	0.211504048002	144	21.9263862381	-0.29967352184	0.0323916980737	NA
chr2:39704	0.0198496240602	0.000307566126717	0.0150753768844	1	0.152266571098	-0.793829659476	0.000301507537688	NA	0.136994047619	0.0337569376663	0.211504048002	0.136994047619	0.0337569376663	0.211504048002	144	21.9263862381	-0.29967352184	0.0323916980737	NA
chr2:41305	0.314736842105	-0.00171853211009	-0.00374545015384	3	0.456799713293	0.604226379782	0.000365996649916	NA	0.136994047619	0.0337569376663	0.211504048002	0.136994047619	0.0337569376663	0.211504048002	144	21.9263862381	-0.29967352184	0.0323916980737	NA
chr2:41345	0.272869674185	0.00228695682187	0.00608266028719	3	0.456799713293	0.604226379782	0.000365996649916	NA	0.136994047619	0.0337569376663	0.211504048002	0.136994047619	0.0337569376663	0.211504048002	144	21.9263862381	-0.29967352184	0.0323916980737	NA
chr2:41402	0.0583458646617	0.000647372632702	0.0103972548163	3	0.456799713293	0.604226379782	0.000365996649916	NA	0.136994047619	0.0337569376663	0.211504048002	0.136994047619	0.0337569376663	0.211504048002	144	21.9263862381	-0.29967352184	0.0323916980737	NA
chr2:41920	0.143345864662	0.00758743608473	0.044506296832	2	0.304533142195	-0.437347731047	0.00344120603015	NA	0.136994047619	0.0337569376663	0.211504048002	0.136994047619	0.0337569376663	0.211504048002	144	21.9263862381	-0.29967352184	0.0323916980737	NA
chr2:41943	0.0536215538847	0.000377989541582	0.00665035213241	2	0.304533142195	-0.437347731047	0.00344120603015	NA	0.136994047619	0.0337569376663	0.211504048002	0.136994047619	0.0337569376663	0.211504048002	144	21.9263862381	-0.29967352184	0.0323916980737	NA
chr2:42495	0.385764411028	-0.00249836173001	-0.00398094367944	1	0.152266571098	1.39980202615	-0.00153266331658	NA	0.136994047619	0.0337569376663	0.211504048002	0.136994047619	0.0337569376663	0.211504048002	144	21.9263862381	-0.29967352184	0.0323916980737	NA
chr2:42597	0.005	-1.3947525435e-16	2.16840434497e-18	2	0.304533142195	-1.17730462458	2.51256281407e-05	NA	0.136994047619	0.0337569376663	0.211504048002	0.136994047619	0.0337569376663	0.211504048002	144	21.9263862381	-0.29967352184	0.0323916980737	NA
chr2:42674	0.00997493734336	5.0756268399e-05	0.00502512562814	2	0.304533142195	-1.17730462458	2.51256281407e-05	NA	0.136994047619	0.0337569376663	0.211504048002	0.136994047619	0.0337569376663	0.211504048002	144	21.9263862381	-0.29967352184	0.0323916980737	NA
chr2:43489	0.00997493734336	5.0756268399e-05	0.00502512562814	1	0.152266571098	-0.853027665239	5.02512562814e-05	NA	0.136994047619	0.0337569376663	0.211504048002	0.136994047619	0.0337569376663	0.211504048002	144	21.9263862381	-0.29967352184	0.0323916980737	NA
chr2:44028	0.005	-1.3947525435e-16	2.16840434497e-18	2	0.304533142195	-0.722416850327	0.000145728643216	NA	0.136994047619	0.0337569376663	0.211504048002	0.136994047619	0.0337569376663	0.211504048002	144	21.9263862381	-0.29967352184	0.0323916980737	NA
chr2:44120	0.121854636591	0.000331845748941	0.00238899415108	2	0.304533142195	-0.722416850327	0.000145728643216	NA	0.136994047619	0.0337569376663	0.211504048002	0.136994047619	0.0337569376663	0.211504048002	144	21.9263862381	-0.29967352184	0.0323916980737	NA
chr2:44437	0.272869674185	0.00228695682187	0.00608266028719	1	0.152266571098	0.723006551638	0.0016648241206	NA	0.136994047619	0.0337569376663	0.211504048002	0.136994047619	0.0337569376663	0.211504048002	144	21.9263862381	-0.29967352184	0.0323916980737	NA
chr2:45395	0.00997493734336	5.0756268399e-05	0.00502512562814	1	0.152266571098	-0.853027665239	5.02512562814e-05	NA	0.136994047619	0.0337569376663	0.211504048002	0.136994047619	0.0337569376663	0.211504048002	144	21.9263862381	-0.29967352184	0.0323916980737	NA
chr2:45883	0.005	-1.3947525435e-16	2.16840434497e-18	1	0.152266571098	-0.882852041238	5.29090660173e-17	NA	0.136994047619	0.0337569376663	0.211504048002	0.136994047619	0.0337569376663	0.211504048002	144	21.9263862381	-0.29967352184	0.0323916980737	NA
chr2:46127	0.0488721804511	-0.000152171615767	-0.00296564791169	1	0.152266571098	-0.619841612081	-0.000144723618091	NA	0.136994047619	0.0337569376663	0.211504048002	0.136994047619	0.0337569376663	0.211504048002	144	21.9263862381	-0.29967352184	0.0323916980737	NA
chr2:47989	0.272869674185	0.00228695682187	0.00608266028719	1	0.152266571098	0.723006551638	0.0016648241206	NA	0.136994047619	0.0337569376663	0.211504048002	0.136994047619	0.0337569376663	0.211504048002	144	21.9263862381	-0.29967352184	0.0323916980737	NA
chr2:48667	0.341240601504	0.00836340157241	0.0160833235947	1	0.152266571098	1.13288512961	0.00553266331658	NA	0.136994047619	0.0337569376663	0.211504048002	0.136994047619	0.0337569376663	0.211504048002	144	21.9263862381	-0.29967352184	0.0323916980737	NA
chr2:49891	0.005	-1.3947525435e-16	2.16840434497e-18	1	0.152266571098	-0.882852041238	5.29090660173e-17	NA	0.136994047619	0.0337569376663	0.211504048002	0.136994047619	0.0337569376663	0.211504048002	144	21.9263862381	-0.29967352184	0.0323916980737	NA
